#mu          density      sigma1_xx       sigma2_xx       sigma1_xy       sigma2_xy       alpha1_xx       alpha2_xx       alpha1_xy       alpha2_xy       beta1_xx        beta2_xx        beta1_xy        beta2_xy
-4.00000000  1.00000000   1.91028416e-06  2.46310629e-03 -2.85810413e-09 -1.46107486e-03  3.96516673e-08  8.04755498e-04 -1.04523686e-10 -9.97846245e-04  5.05080672e-06  7.44158101e-03 -7.56463310e-09 -5.76920179e-03 
-3.96000000  0.99999979   1.97153592e-06  4.12480336e-03 -3.02153031e-09 -3.92321234e-03  4.13071023e-08  1.60120915e-03 -1.11591904e-10 -3.03027707e-03  5.21281403e-06  1.29011368e-02 -7.99743507e-09 -1.62899991e-02 
-3.92000000  0.99998848   2.03535768e-06  7.49776296e-03 -3.19606500e-09 -1.14545532e-02  4.30491610e-08  3.22393246e-03 -1.19217817e-10 -8.77101372e-03  5.38162202e-06  2.36232639e-02 -8.45967679e-09 -4.52719686e-02 
-3.88000000  0.99947839   2.10188462e-06  1.41290426e-02 -3.38258937e-09 -3.18397824e-02  4.48833521e-08  5.83664805e-03 -1.27452020e-10 -1.99392580e-02  5.55758861e-06  4.25716261e-02 -8.95369552e-09 -1.07497466e-01 
-3.84000000  0.99543258   2.17126058e-06  2.52236024e-02 -3.58206498e-09 -7.21079433e-02  4.68156004e-08  8.66076454e-03 -1.36350323e-10 -3.21096115e-02  5.74109464e-06  7.11210146e-02 -9.48204191e-09 -2.08435935e-01 
-3.80000000  0.98979326   2.24363869e-06  4.01334270e-02 -3.79554208e-09 -1.27663906e-01  4.88522830e-08  1.06336657e-02 -1.45974355e-10 -3.89186820e-02  5.93254561e-06  1.08556586e-01 -1.00475022e-08 -3.43768760e-01 
-3.76000000  0.98402720   2.31918209e-06  5.71855619e-02 -4.02416896e-09 -1.88729825e-01  5.10002699e-08  1.16192485e-02 -1.56392248e-10 -4.05174126e-02  6.13237354e-06  1.52226455e-01 -1.06531229e-08 -4.98793945e-01 
-3.72000000  0.97818456   2.39806472e-06  7.51875828e-02 -4.26920232e-09 -2.49850436e-01  5.32669679e-08  1.20450788e-02 -1.67679406e-10 -3.98309828e-02  6.34103906e-06  1.99174965e-01 -1.13022385e-08 -6.58148706e-01 
-3.68000000  0.97226360   2.48047216e-06  9.36073269e-02 -4.53201891e-09 -3.09183086e-01  5.56603703e-08  1.22643314e-02 -1.79919383e-10 -3.84859360e-02  6.55903365e-06  2.47705298e-01 -1.19985024e-08 -8.14528060e-01 
-3.64000000  0.96626112   2.56660257e-06  1.12321930e-01 -4.81412861e-09 -3.66381496e-01  5.81891101e-08  1.25076178e-02 -1.93204871e-10 -3.72367593e-02  6.78688212e-06  2.97393278e-01 -1.27459216e-08 -9.66481013e-01 
-3.60000000  0.96017340   2.65666768e-06  1.31531535e-01 -5.11718905e-09 -4.22129285e-01  6.08625206e-08  1.30248466e-02 -2.07638827e-10 -3.70620665e-02  7.02514527e-06  3.48930290e-01 -1.35488956e-08 -1.11716416e+00 
-3.56000000  0.95399748   2.75089389e-06  1.51900452e-01 -5.44302209e-09 -4.79314600e-01  6.36907014e-08  1.42024817e-02 -2.23335757e-10 -4.02959467e-02  7.27442283e-06  4.04315571e-01 -1.44122605e-08 -1.27725879e+00 
-3.52000000  0.94758703   2.84952355e-06  1.74765627e-01 -5.79363232e-09 -5.45661015e-01  6.66845917e-08  1.63651992e-02 -2.40423170e-10 -4.98854733e-02  7.53535669e-06  4.66447249e-01 -1.53413380e-08 -1.46452894e+00 
-3.48000000  0.93893743   2.95281620e-06  2.01578077e-01 -6.17122801e-09 -6.31278011e-01  6.98560521e-08  1.90373360e-02 -2.59043249e-10 -6.28717710e-02  7.80863447e-06  5.37182310e-01 -1.63419909e-08 -1.68897413e+00 
-3.44000000  0.92797950   3.06105009e-06  2.32237925e-01 -6.57824465e-09 -7.34633556e-01  7.32179553e-08  2.10753500e-02 -2.79354753e-10 -7.06203124e-02  8.09499330e-06  6.16291189e-01 -1.74206862e-08 -1.94741094e+00 
-3.40000000  0.91670050   3.17452378e-06  2.65123439e-01 -7.01737160e-09 -8.43282218e-01  7.67842869e-08  2.20313063e-02 -3.01535196e-10 -7.08536396e-02  8.39522419e-06  7.01485018e-01 -1.85845662e-08 -2.22410916e+00 
-3.36000000  0.90521607   3.29355787e-06  2.98772711e-01 -7.49158231e-09 -9.48280822e-01  8.05702581e-08  2.22504843e-02 -3.25783350e-10 -6.70812092e-02  8.71017664e-06  7.89495591e-01 -1.98415282e-08 -2.49740564e+00 
-3.32000000  0.89350713   3.41849701e-06  3.32408421e-01 -8.00416858e-09 -1.04606432e+00  8.45924313e-08  2.21103651e-02 -3.52322121e-10 -6.18284950e-02  9.04076385e-06  8.77961580e-01 -2.12003163e-08 -2.75427849e+00 
-3.28000000  0.88157372   3.54971197e-06  3.65675179e-01 -8.55877941e-09 -1.13534070e+00  8.88688607e-08  2.18054630e-02 -3.81401853e-10 -5.59903191e-02  9.38796842e-06  9.65672553e-01 -2.26706251e-08 -2.98947301e+00 
-3.24000000  0.86940970   3.68760208e-06  3.98405421e-01 -9.15946536e-09 -1.21549920e+00  9.34192495e-08  2.14194709e-02 -4.13304153e-10 -4.98210972e-02  9.75284863e-06  1.05205935e+00 -2.42632172e-08 -3.20078914e+00 
-3.20000000  0.85700300   3.83259782e-06  4.30511244e-01 -9.81072897e-09 -1.28611106e+00  9.82651266e-08  2.09884262e-02 -4.48346295e-10 -4.33839068e-02  1.01365454e-05  1.13683766e+00 -2.59900582e-08 -3.38692005e+00 
-3.16000000  0.84432138   3.98516372e-06  4.61940097e-01 -1.05175824e-08 -1.34678253e+00  1.03430044e-07  2.05288097e-02 -4.86886334e-10 -3.66833334e-02  1.05402902e-05  1.21984686e+00 -2.78644702e-08 -3.54676712e+00 
-3.12000000  0.83135797   4.14580163e-06  4.92656290e-01 -1.12856136e-08 -1.39710575e+00  1.08939803e-07  2.00487535e-02 -5.29329038e-10 -2.97023543e-02  1.09654131e-05  1.30098306e+00 -2.99013077e-08 -3.67922702e+00 
-3.08000000  0.81808633   4.31505425e-06  5.22632829e-01 -1.21210617e-08 -1.43663715e+00  1.14822699e-07  1.95526130e-02 -5.76132779e-10 -2.24124398e-02  1.14133530e-05  1.38017044e+00 -3.21171596e-08 -3.78311046e+00 
-3.04000000  0.80447436   4.49350914e-06  5.51847622e-01 -1.30309040e-08 -1.46488278e+00  1.21109813e-07  1.90429672e-02 -6.27817575e-10 -1.47757933e-02  1.18856678e-05  1.45734853e+00 -3.45305807e-08 -3.85709583e+00 
-3.00000000  0.79051158   4.68180317e-06  5.80281702e-01 -1.40229560e-08 -1.48128454e+00  1.27835329e-07  1.85215788e-02 -6.84974480e-10 -6.74471444e-03  1.23840461e-05  1.53246629e+00 -3.71623588e-08 -3.89968905e+00 
-2.96000000  0.77617512   4.88062747e-06  6.07918466e-01 -1.51059870e-08 -1.48520384e+00  1.35036897e-07  1.79899052e-02 -7.48276583e-10  1.74096483e-03  1.29103209e-05  1.60547964e+00 -4.00358228e-08 -3.90917754e+00 
-2.92000000  0.76142379   5.09073299e-06  6.34743475e-01 -1.62898532e-08 -1.47589980e+00  1.42756049e-07  1.74494372e-02 -8.18491909e-10  1.07581040e-02  1.34664838e-05  1.67635078e+00 -4.31771988e-08 -3.88356922e+00 
-2.88000000  0.74620937   5.31293671e-06  6.60744713e-01 -1.75856521e-08 -1.45249949e+00  1.51038667e-07  1.69020050e-02 -8.96498616e-10  2.04068311e-02  1.40547017e-05  1.74504893e+00 -4.66160227e-08 -3.82050857e+00 
-2.84000000  0.73047930   5.54812860e-06  6.85913317e-01 -1.90059026e-08 -1.41395594e+00  1.59935522e-07  1.63501372e-02 -9.83302908e-10  3.08211692e-02  1.46773357e-05  1.81155241e+00 -5.03856201e-08 -3.71715628e+00 
-2.80000000  0.71417190   5.79727946e-06  7.10244936e-01 -2.05647533e-08 -1.35898596e+00  1.69502884e-07  1.57975696e-02 -1.08006024e-09  4.21867939e-02  1.53369614e-05  1.87585261e+00 -5.45236644e-08 -3.57000764e+00 
-2.76000000  0.69721045   6.06144978e-06  7.33742006e-01 -2.22782267e-08 -1.28597325e+00  1.79803222e-07  1.52500251e-02 -1.18810045e-09  5.47721299e-02  1.60363929e-05  1.93796052e+00 -5.90728292e-08 -3.37460396e+00 
-2.72000000  0.67949841   6.34179969e-06  7.56417520e-01 -2.41645039e-08 -1.19280955e+00  1.90906016e-07  1.47164404e-02 -1.30895769e-09  6.89859117e-02  1.67787091e-05  1.99791744e+00 -6.40815506e-08 -3.12504703e+00 
-2.68000000  0.66091228   6.63960020e-06  7.78301163e-01 -2.62442600e-08 -1.07661782e+00  2.02888677e-07  1.42108641e-02 -1.44440608e-09  8.54895535e-02  1.75672834e-05  2.05581237e+00 -6.96049230e-08 -2.81313209e+00 
-2.64000000  0.64128594   6.95624603e-06  7.99449028e-01 -2.85410568e-08 -9.33240491e-01  2.15837615e-07  1.37548852e-02 -1.59650247e-09  1.05421066e-01  1.84058186e-05  2.11180744e+00 -7.57057529e-08 -2.42673817e+00 
-2.60000000  0.62037345   7.29327009e-06  8.19956762e-01 -3.10818075e-08 -7.56266624e-01  2.29849480e-07  1.33771236e-02 -1.76763763e-09  1.30780538e-01  1.92983847e-05  2.16615868e+00 -8.24558018e-08 -1.94707456e+00 
-2.56000000  0.59775615   7.65236002e-06  8.39963871e-01 -3.38973258e-08 -5.35419529e-01  2.45032587e-07  1.30893181e-02 -1.96059809e-09  1.64479061e-01  2.02494634e-05  2.21914764e+00 -8.99372584e-08 -1.34658476e+00 
-2.52000000  0.57258454   8.03537700e-06  8.59578880e-01 -3.70229775e-08 -2.56176188e-01  2.61508584e-07  1.27738660e-02 -2.17864069e-09  2.06416197e-01  2.12639980e-05  2.27066340e+00 -9.82444859e-08 -6.00680435e-01 
-2.48000000  0.54228481   8.44437738e-06  8.78532491e-01 -4.04994564e-08  8.81395644e-02  2.79414390e-07  1.19922724e-02 -2.42558318e-09  2.40466240e-01  2.23474516e-05  2.31937598e+00 -1.07486103e-07  2.69168258e-01 
-2.44000000  0.50659462   8.88163738e-06  8.95652796e-01 -4.43737107e-08  4.63174285e-01  2.98904462e-07  1.02524248e-02 -2.70591434e-09  2.39590949e-01  2.35058724e-05  2.36280771e+00 -1.17787472e-07  1.18589847e+00 
-2.40000000  0.47801834   9.34968155e-06  9.09399962e-01 -4.87000539e-08  8.06059349e-01  3.20153455e-07  7.77879473e-03 -3.02492864e-09  2.07929612e-01  2.47459699e-05  2.39848635e+00 -1.29293681e-07  2.06383521e+00 
-2.36000000  0.45386651   9.85131554e-06  9.19206720e-01 -5.35414995e-08  1.09240831e+00  3.43359349e-07  5.26124365e-03 -3.38889147e-09  1.72900565e-01  2.60752026e-05  2.42480119e+00 -1.42173132e-07  2.83156571e+00 
-2.32000000  0.43213209   1.03896641e-05  9.25406398e-01 -5.89713743e-08  1.33156973e+00  3.68747141e-07  3.05540636e-03 -3.80524256e-09  1.46105295e-01  2.75018791e-05  2.44180342e+00 -1.56621880e-07  3.47842476e+00 
-2.28000000  0.41212907   1.09682150e-05  9.28530300e-01 -6.50752715e-08  1.53631572e+00  3.96573213e-07  1.17579343e-03 -4.28284781e-09  1.26360171e-01  2.90352760e-05  2.45056618e+00 -1.72868891e-07  4.02929694e+00 
-2.24000000  0.39349615   1.15908704e-05  9.29020665e-01 -7.19534282e-08  1.71507684e+00  4.27130533e-07 -4.50702291e-04 -4.83231214e-09  1.11005768e-01  3.06857746e-05  2.45223968e+00 -1.91182445e-07  4.50763800e+00 
-2.20000000  0.37595796   1.22620064e-05  9.27207697e-01 -7.97236304e-08  1.87297716e+00  4.60754850e-07 -1.88726854e-03 -5.46637021e-09  9.83661375e-02  3.24650208e-05  2.44774357e+00 -2.11877967e-07  4.92871095e+00 
-2.16000000  0.35928731   1.29865432e-05  9.23341915e-01 -8.85247779e-08  2.01328112e+00  4.97832116e-07 -3.17618339e-03 -6.20037666e-09  8.75161919e-02  3.43861128e-05  2.43777047e+00 -2.35327650e-07  5.30212964e+00 
-2.12000000  0.34334305   1.37700273e-05  9.17620697e-01 -9.85212793e-08  2.13821741e+00  5.38807418e-07 -4.34745797e-03 -7.05292440e-09  7.79225406e-02  3.64638211e-05  2.42284561e+00 -2.61972324e-07  5.63421235e+00 
-2.08000000  0.32807053   1.46187288e-05  9.10201288e-01 -1.09908498e-07  2.24938492e+00  5.84195757e-07 -5.42607318e-03 -8.04662872e-09  6.92353507e-02  3.87148491e-05  2.40338139e+00 -2.92336178e-07  5.92933134e+00 
-2.04000000  0.31345566   1.55397563e-05  9.01207311e-01 -1.22919531e-07  2.34794516e+00  6.34595131e-07 -6.43258284e-03 -9.20912703e-09  6.12003818e-02  4.11581418e-05  2.37971718e+00 -3.27045117e-07  6.19068385e+00 
-2.00000000  0.29945452   1.65411938e-05  8.90737144e-01 -1.37833697e-07  2.43474262e+00  6.90702474e-07 -7.38015909e-03 -1.05743615e-08  5.36447426e-02  4.38152526e-05  2.35214001e+00 -3.66849757e-07  6.42072209e+00 
-1.96000000  0.28596515   1.76322642e-05  8.78875085e-01 -1.54987220e-07  2.51042115e+00  7.53333195e-07 -8.27456280e-03 -1.21842343e-08  4.64742629e-02  4.67107830e-05  2.32089040e+00 -4.12654413e-07  6.62134838e+00 
-1.92000000  0.27289482   1.88235255e-05  8.65698853e-01 -1.74786753e-07  2.57551934e+00  8.23445220e-07 -9.11919195e-03 -1.40907589e-08  3.96387558e-02  4.98729096e-05  2.28616630e+00 -4.65553856e-07  6.79400113e+00 
-1.88000000  0.26020204   2.01271073e-05  8.51278917e-01 -1.97726613e-07  2.63049924e+00  9.02168773e-07 -9.92031565e-03 -1.63588729e-08  3.30811237e-02  5.33340206e-05  2.24813467e+00 -5.26880202e-07  6.93975981e+00 
-1.84000000  0.24790932   2.15569974e-05  8.35673925e-01 -2.24410870e-07  2.67571928e+00  9.90843451e-07 -1.06868577e-02 -1.90701466e-08  2.67211366e-02  5.71314883e-05  2.20694572e+00 -5.98263133e-07  7.05948982e+00 
-1.80000000  0.23602421   2.31293913e-05  8.18930390e-01 -2.55581884e-07  2.71142034e+00  1.09106468e-06 -1.14257309e-02 -2.23277054e-08  2.04876567e-02  6.13086106e-05  2.16273851e+00 -6.81707795e-07  7.15393853e+00 
-1.76000000  0.22451206   2.48631200e-05  8.01088443e-01 -2.92157395e-07  2.73776828e+00  1.20474231e-06 -1.21389840e-02 -2.62628211e-08  1.43528690e-02  6.59157664e-05  2.11563656e+00 -7.79696285e-07  7.22372525e+00 
-1.72000000  0.21329879   2.67801775e-05  7.82187445e-01 -3.35279153e-07  2.75491488e+00  1.33417495e-06 -1.28261723e-02 -3.10438104e-08  8.32166837e-03  7.10118411e-05  2.06574356e+00 -8.95320942e-07  7.26929186e+00 
-1.68000000  0.20235118   2.89063747e-05  7.62265922e-01 -3.86377157e-07  2.76301344e+00  1.48214516e-06 -1.34886606e-02 -3.68881608e-08  2.38923303e-03  7.66659977e-05  2.01314718e+00 -1.03246086e-06  7.29091541e+00 
-1.64000000  0.19166707   3.12721570e-05  7.41357576e-01 -4.47255286e-07  2.76218286e+00  1.65204195e-06 -1.41307707e-02 -4.40792150e-08 -3.48126631e-03  8.29598910e-05  1.95792715e+00 -1.19601774e-06  7.28878586e+00 
-1.60000000  0.18127906   3.39136307e-05  7.19489187e-01 -5.20206480e-07  2.75247602e+00  1.84802014e-06 -1.47572002e-02 -5.29893641e-08 -9.33853688e-03  8.99904581e-05  1.90015897e+00 -1.39223401e-06  7.26306319e+00 
-1.56000000  0.17117519   3.68738659e-05  6.96682650e-01 -6.08169226e-07  2.73389128e+00  2.07520908e-06 -1.53703916e-02 -6.41126497e-08 -1.52110248e-02  9.78734602e-05  1.83991143e+00 -1.62912635e-06  7.21386437e+00 
-1.52000000  0.16134171   4.02045593e-05  6.72958292e-01 -7.14942405e-07  2.70640981e+00  2.33998893e-06 -1.59706243e-02 -7.81111328e-08 -2.10999149e-02  1.06748018e-04  1.77724337e+00 -1.91708284e-06  7.14122109e+00 
-1.48000000  0.15172339   4.39681782e-05  6.48336045e-01 -8.45483618e-07  2.67001598e+00  2.65035980e-06 -1.65579783e-02 -9.58816856e-08 -2.69993832e-02  1.16782468e-04  1.71220421e+00 -2.26969525e-06  7.04506974e+00 
-1.44000000  0.14231477   4.82407500e-05  6.22834311e-01 -1.00632851e-06  2.62468761e+00  3.01644048e-06 -1.71336822e-02 -1.18653517e-07 -3.29162730e-02  1.28182009e-04  1.64483699e+00 -2.70493372e-06  6.92527942e+00 
-1.40000000  0.13310262   5.31155270e-05  5.96468606e-01 -1.20618792e-06  2.57037656e+00  3.45114986e-06 -1.76998666e-02 -1.48132677e-07 -3.88718466e-02  1.41198763e-04  1.57518053e+00 -3.24682729e-06  6.78167989e+00 
-1.36000000  0.12409942   5.87078565e-05  5.69251418e-01 -1.45681038e-06  2.50700084e+00  3.97115005e-06 -1.82585770e-02 -1.86719595e-07 -4.48902688e-02  1.56145208e-04  1.50326943e+00 -3.92790390e-06  6.61406418e+00 
-1.32000000  0.11529937   6.51617273e-05  5.41192993e-01 -1.77424722e-06  2.43445115e+00  4.59816908e-06 -1.88112043e-02 -2.37842241e-07 -5.09895062e-02  1.73412277e-04  1.42913334e+00 -4.79279007e-06  6.42217532e+00 
-1.28000000  0.10669862   7.26586833e-05  5.12302125e-01 -2.18073917e-06  2.35259953e+00  5.36088368e-06 -1.93585705e-02 -3.06475974e-07 -5.71808280e-02  1.93494121e-04  1.35279698e+00 -5.90361498e-06  6.20569683e+00 
-1.24000000  0.09828295   8.14301318e-05  4.82586525e-01 -2.70758173e-06  2.26130321e+00  6.29764260e-06 -1.99012453e-02 -3.99971456e-07 -6.34733346e-02  2.17022454e-04  1.27428096e+00 -7.34828002e-06  5.96425343e+00 
-1.20000000  0.09004893   9.17745996e-05  4.52052965e-01 -3.39956448e-06  2.16040291e+00  7.46047513e-06 -2.04396832e-02 -5.29402969e-07 -6.98776375e-02  2.44814961e-04  1.19360311e+00 -9.25338199e-06  5.69741630e+00 
-1.16000000  0.08198618   1.04082335e-04  4.20707554e-01 -4.32200114e-06  2.04971996e+00  8.92110613e-06 -2.09740939e-02 -7.11819020e-07 -7.64066492e-02  2.77944737e-04  1.11077999e+00 -1.18048833e-05  5.40470555e+00 
-1.12000000  0.07409161   1.18871034e-04  3.88556384e-01 -5.57213532e-06  1.92905408e+00  1.07801755e-05 -2.15041123e-02 -9.74102661e-07 -8.30746261e-02  3.17841861e-04  1.02582900e+00 -1.52820372e-05  5.08558871e+00 
-1.08000000  0.06634762   1.36838802e-04  3.55606776e-01 -7.29814904e-06  1.79818300e+00  1.31817045e-05 -2.20282592e-02 -1.35979618e-06 -8.98956335e-02  3.66445190e-04  9.38772143e-01 -2.01146961e-05  4.73947973e+00 
-1.04000000  0.05875799   1.58944454e-04  3.21869554e-01 -9.73180630e-06  1.65686456e+00  1.63363974e-05 -2.25429812e-02 -1.94158112e-06 -9.68815438e-02  4.26434805e-04  8.49642985e-01 -2.69833046e-05  4.36574507e+00 
-1.00000000  0.05132550   1.86532426e-04  2.87363258e-01 -1.32464305e-05  1.50484220e+00  2.05602843e-05 -2.30407286e-02 -2.84498284e-06 -1.04038413e-01  5.01597761e-04  7.58500359e-01 -3.69998799e-05  3.96372348e+00 
-0.96000000  0.04404021   2.21532708e-04  2.52122488e-01 -1.84638663e-05  1.34185845e+00  2.63409471e-05 -2.35057577e-02 -4.29536919e-06 -1.11355954e-01  5.97421632e-04  6.65456409e-01 -5.20495355e-05  3.53278218e+00 
-0.92000000  0.03690352   2.66791387e-04  2.16215503e-01 -2.64605269e-05  1.16769464e+00  3.44552993e-05 -2.39043758e-02 -6.71579721e-06 -1.18775029e-01  7.22092177e-04  5.70738166e-01 -7.54666077e-05  3.07248853e+00 
-0.88000000  0.02989838   3.26637622e-04  1.79783888e-01 -3.91844522e-05  9.82293139e-01  4.61880348e-05 -2.41609637e-02 -1.09424342e-05 -1.26079689e-01  8.88239210e-04  4.74831267e-01 -1.13449568e-04  2.58317182e+00 
-0.84000000  0.02302732   4.07897928e-04  1.43137489e-01 -6.03490301e-05  7.86163988e-01  6.37565716e-05 -2.40977447e-02 -1.87303664e-05 -1.32513349e-01  1.11613681e-03  3.78825437e-01 -1.78219815e-04  2.06784959e+00 
-0.80000000  0.01629250   5.21800245e-04  1.06986316e-01 -9.74791615e-05  5.81807050e-01  9.11835110e-05 -2.32992096e-02 -3.40328347e-05 -1.35485454e-01  1.43989076e-03  2.85179282e-01 -2.95628351e-04  1.53841082e+00 
-0.76000000  0.00968975   6.87750737e-04  7.29430824e-02 -1.66970508e-04  3.78281370e-01  1.36198883e-04 -2.09562251e-02 -6.65244775e-05 -1.27714458e-01  1.92015039e-03  1.98818253e-01 -5.25162046e-04  1.02917689e+00 
-0.72000000  0.00340659   9.41304572e-04  4.40907525e-02 -3.07760863e-04  2.00157943e-01  2.14661001e-04 -1.63221650e-02 -1.42272694e-04 -9.90340796e-02  2.67201051e-03  1.26632335e-01 -1.01805872e-03  5.99600216e-01 
-0.68000000  0.00020269   1.35214444e-03  2.38735766e-02 -6.22128094e-04  8.22865643e-02  3.61442786e-04 -1.03386363e-02 -3.39311742e-04 -5.57627602e-02  3.93020387e-03  7.34616873e-02 -2.20373730e-03  2.92748548e-01 
-0.64000000  0.00000395   2.06716030e-03  1.25076414e-02 -1.41005520e-03  2.86046176e-02  6.57805735e-04 -5.44149202e-03 -9.14173796e-04 -2.24419797e-02  6.20593700e-03  3.97703504e-02 -5.42582070e-03  1.16372356e-01 
-0.60000000  0.00000002   3.41577440e-03  6.89042382e-03 -3.63853457e-03  9.90319561e-03  1.29287500e-03 -2.66296719e-03 -2.72761834e-03 -7.48664291e-03  1.06333932e-02  2.15409787e-02 -1.49746385e-02  4.09254509e-02 
-0.56000000 -0.00000282   6.13752800e-03  4.12097326e-03 -1.04432691e-02  3.80317791e-03  2.63243218e-03 -1.34711795e-03 -8.16483536e-03 -2.49602013e-03  1.94593792e-02  1.24275506e-02 -4.24541705e-02  1.47193600e-02 
-0.52000000 -0.00014446   1.16321273e-02  2.66214418e-03 -2.99894619e-02  1.66068587e-03  5.00110046e-03 -7.35098678e-04 -2.03854422e-02 -9.19679640e-04  3.57737009e-02  7.77054201e-03 -1.07074856e-01  5.91856390e-03 
-0.48000000 -0.00242239   2.14228078e-02  1.82996347e-03 -7.32591898e-02  8.12623221e-04  7.93003698e-03 -4.33323423e-04 -3.66983502e-02 -3.82441745e-04  6.16216519e-02  5.21420824e-03 -2.20988953e-01  2.70369522e-03 
-0.44000000 -0.00684877   3.54890843e-02  1.32027131e-03 -1.39889104e-01  4.36023315e-04  1.02735810e-02 -2.72812083e-04 -4.84840263e-02 -1.77280655e-04  9.69583647e-02  3.69845369e-03 -3.83449584e-01  1.37865011e-03 
-0.40000000 -0.01143455   5.22745845e-02  9.89274945e-04 -2.18349944e-01  2.51752363e-04  1.15707389e-02 -1.81206701e-04 -5.32199913e-02 -8.98985636e-05  1.39657927e-01  2.73799758e-03 -5.80970422e-01  7.67146055e-04 
-0.36000000 -0.01604441   7.03602975e-02  7.63883392e-04 -3.00206997e-01  1.54154686e-04  1.21539869e-02 -1.25694893e-04 -5.42083465e-02 -4.90415049e-05  1.86574062e-01  2.09578306e-03 -7.93471304e-01  4.57206420e-04 
-0.32000000 -0.02067617   8.89965945e-02  6.04361973e-04 -3.82199124e-01  9.90092324e-05  1.23934588e-02 -9.03317775e-05 -5.38940488e-02 -2.83992341e-05  2.35427564e-01  1.64739698e-03 -1.00890568e+00  2.87778894e-04 
-0.28000000 -0.02533062   1.07848247e-01  4.87815020e-04 -4.63282090e-01  6.61448528e-05  1.24801720e-02 -6.68466255e-05 -5.31563626e-02 -1.72778675e-05  2.85065954e-01  1.32316892e-03 -1.22273904e+00  1.89318943e-04 
-0.24000000 -0.03000943   1.26764311e-01  4.00379864e-04 -5.43092575e-01  4.56689303e-05  1.24961413e-02 -5.06953523e-05 -5.22570808e-02 -1.09552989e-05  3.34966040e-01  1.08185983e-03 -1.43344861e+00  1.29158956e-04 
-0.20000000 -0.03470883   1.45671717e-01  3.33302121e-04 -6.21468879e-01  3.24238766e-05  1.24765126e-02 -3.92541037e-05 -5.12757092e-02 -7.19398137e-06  3.84883610e-01  8.97890091e-04 -1.64044456e+00  9.08366108e-05 
-0.16000000 -0.03943815   1.64531740e-01  2.80850800e-04 -6.98313693e-01  2.35773784e-05  1.24372115e-02 -3.09414837e-05 -5.02387104e-02 -4.86796708e-06  4.34694953e-01  7.54752522e-04 -1.84342052e+00  6.55528110e-05 
-0.12000000 -0.04418781   1.83321817e-01  2.39156152e-04 -7.73552627e-01  1.75032586e-05  1.23859456e-02 -2.47684071e-05 -4.91559675e-02 -3.38069228e-06  4.84330978e-01  6.41429104e-04 -2.04216368e+00  4.83643756e-05 
-0.08000000 -0.04896259   2.02027491e-01  2.05534044e-04 -8.47120409e-01  1.32312132e-05  1.23266722e-02 -2.00959853e-05 -4.80315643e-02 -2.40167273e-06  5.33748992e-01  5.50349303e-04 -2.23649557e+00  3.63736829e-05 
-0.04000000 -0.05377228   2.20638582e-01  1.78078470e-04 -9.18955604e-01  1.01625274e-05  1.22615242e-02 -1.64997218e-05 -4.68674167e-02 -1.74057780e-06  5.82919846e-01  4.76178938e-04 -2.42625165e+00  2.78187326e-05 
 0.00000000 -0.05860793   2.39147280e-01  1.55407692e-04 -9.88999057e-01  7.91671723e-06  1.21916994e-02 -1.36904647e-05 -4.56647325e-02 -1.28399177e-06  6.31821706e-01  4.15076036e-04 -2.61127475e+00  2.15933144e-05 
 0.04000000 -0.06346440   2.57547134e-01  1.36501503e-04 -1.05719347e+00  6.24559274e-06  1.21178880e-02 -1.14668592e-05 -4.44244162e-02 -9.62263117e-07  6.80436864e-01  3.64219291e-04 -2.79141305e+00  1.69831892e-05 
 0.08000000 -0.06835118   2.75832480e-01  1.20594216e-04 -1.12348276e+00  4.98345255e-06  1.20404922e-02 -9.68590116e-06 -4.31471944e-02 -7.31453776e-07  7.28749969e-01  3.21501018e-04 -2.96651820e+00  1.35156218e-05 
 0.12000000 -0.07326985   2.93998107e-01  1.07102676e-04 -1.18781166e+00  4.01733982e-06  1.19597503e-02 -8.24421745e-06 -4.18338502e-02 -5.63172397e-07  7.76747028e-01  2.85322315e-04 -3.13644425e+00  1.08707343e-05 
 0.16000000 -0.07821999   3.12039068e-01  9.55768367e-05 -1.25012590e+00  3.26879473e-06  1.18757999e-02 -7.06588287e-06 -4.04851739e-02 -4.38672279e-07  8.24414828e-01  2.54453429e-04 -3.30104767e+00  8.82775439e-06 
 0.20000000 -0.08321102   3.29950562e-01  8.56651887e-05 -1.31037215e+00  2.68238542e-06  1.17887148e-02 -6.09432123e-06 -3.91018781e-02 -3.45330387e-07  8.71740602e-01  2.27936691e-04 -3.46018756e+00  7.23156783e-06 
 0.24000000 -0.08823197   3.47727878e-01  7.70901776e-05 -1.36849842e+00  2.21833960e-06  1.16985357e-02 -5.28681693e-06 -3.76847879e-02 -2.74494483e-07  9.18711846e-01  2.05017864e-04 -3.61372656e+00  5.97141697e-06 
 0.28000000 -0.09328269   3.65366354e-01  6.96304504e-05 -1.42445422e+00  1.84771523e-06  1.16052765e-02 -4.61072982e-06 -3.62346380e-02 -2.20136955e-07  9.65316202e-01  1.85096791e-04 -3.76153111e+00  4.96704536e-06 
 0.32000000 -0.09837377   3.82861324e-01  6.31078559e-05 -1.47819004e+00  1.54917726e-06  1.15089293e-02 -4.04084261e-06 -3.47520022e-02 -1.77995700e-07  1.01154132e+00  1.67691411e-04 -3.90347019e+00  4.15951173e-06 
 0.36000000 -0.10350606   4.00208100e-01  5.73778026e-05 -1.52965713e+00  1.30680999e-06  1.14094785e-02 -3.55747452e-06 -3.32374619e-02 -1.45015482e-07  1.05737479e+00  1.52411163e-04 -4.03941496e+00  3.50499229e-06 
 0.40000000 -0.10867388   4.17401979e-01  5.23220230e-05 -1.57880803e+00  1.10860941e-06  1.13069044e-02 -3.14512138e-06 -3.16915988e-02 -1.18978373e-07  1.10280419e+00  1.38937093e-04 -4.16923998e+00  2.97053158e-06 
 0.44000000 -0.11387573   4.34438252e-01  4.78430837e-05 -1.62559658e+00  9.45429323e-07  1.12011837e-02 -2.79146315e-06 -3.01149481e-02 -9.82553648e-08  1.14781707e+00  1.27006805e-04 -4.29282364e+00  2.53108620e-06 
 0.48000000 -0.11911538   4.51312180e-01  4.38601781e-05 -1.66997757e+00  8.10234872e-07  1.10922948e-02 -2.48663092e-06 -2.85081051e-02 -8.16369530e-08  1.19240095e+00  1.16402954e-04 -4.41004736e+00  2.16743959e-06 
 0.52000000 -0.12439793   4.68018978e-01  4.03058718e-05 -1.71190644e+00  6.97567459e-07  1.09802248e-02 -2.22265997e-06 -2.68718854e-02 -6.82160029e-08  1.23654322e+00  1.06944368e-04 -4.52079473e+00  1.86471276e-06 
 0.56000000 -0.12972734   4.84553821e-01  3.71235625e-05 -1.75133939e+00  6.03156691e-07  1.08649723e-02 -1.99307725e-06 -2.52074005e-02 -5.73057266e-08  1.28023117e+00  9.84791355e-05 -4.62495131e+00  1.61128808e-06 
 0.60000000 -0.13510613   5.00911857e-01  3.42654821e-05 -1.78823365e+00  5.23636048e-07  1.07465444e-02 -1.79258762e-06 -2.35159872e-02 -4.83815660e-08  1.32345201e+00  9.08791729e-05 -4.72240468e+00  1.39802296e-06 
 0.64000000 -0.14053581   5.17088224e-01  3.16911126e-05 -1.82254781e+00  4.56332435e-07  1.06249477e-02 -1.61683292e-06 -2.17989573e-02 -4.10395561e-08  1.36619284e+00  8.40359299e-05 -4.81304418e+00  1.21766959e-06 
 0.68000000 -0.14601730   5.33078051e-01  2.93659217e-05 -1.85424176e+00  3.99108992e-07  1.05001756e-02 -1.46220548e-06 -2.00571838e-02 -3.49661846e-08  1.40844068e+00  7.78569634e-05 -4.89676040e+00  1.06444253e-06 
 0.72000000 -0.15155107   5.48876448e-01  2.72603456e-05 -1.88327628e+00  3.50246651e-07  1.03721946e-02 -1.32570274e-06 -1.82906543e-02 -2.99163615e-08  1.45018247e+00  7.22631881e-05 -4.97344459e+00  9.33693750e-07 
 0.76000000 -0.15713732   5.64478484e-01  2.53489673e-05 -1.90961213e+00  3.08354156e-07  1.02409381e-02 -1.20481297e-06 -1.64982381e-02 -2.56971674e-08  1.49140501e+00  6.71866555e-05 -5.04298814e+00  8.21666136e-07 
 0.80000000 -0.16277598   5.79879156e-01  2.36098474e-05 -1.93320905e+00  2.72299174e-07  1.01063148e-02 -1.09742492e-06 -1.46778986e-02 -2.21557625e-08  1.53209503e+00  6.25687494e-05 -5.10528245e+00  7.25305269e-07 
 0.84000000 -0.16846694   5.95073373e-01  2.20239765e-05 -1.95402505e+00  2.41155177e-07  9.96823038e-03 -1.00175588e-06 -1.28273792e-02 -1.91703162e-08  1.57223915e+00  5.83587098e-05 -5.16021870e+00  6.42114471e-07 
 0.88000000 -0.17421089   6.10055957e-01  2.05748251e-05 -1.97201630e+00  2.14160191e-07  9.82661539e-03 -9.16294067e-07 -1.09450959e-02 -1.66431514e-08  1.61182392e+00  5.45124211e-05 -5.20768750e+00  5.70042457e-07 
 0.92000000 -0.18001055   6.24821668e-01  1.92479711e-05 -1.98713782e+00  1.90684558e-07  9.68144472e-03 -8.39752189e-07 -9.03077669e-03 -1.44955246e-08  1.65083575e+00  5.09914104e-05 -5.24757811e+00  5.07395655e-07 
 0.96000000 -0.18587078   6.39365238e-01  1.80307904e-05 -1.99934441e+00  1.70205586e-07  9.53273944e-03 -7.71029875e-07 -7.08547211e-03 -1.26636235e-08  1.68926095e+00  4.77620162e-05 -5.27977744e+00  4.52769355e-07 
 1.00000000 -0.19179728   6.53681395e-01  1.69121989e-05 -2.00859134e+00  1.52287492e-07  9.38055149e-03 -7.09183047e-07 -5.11089858e-03 -1.10954788e-08  1.72708570e+00  4.47946955e-05 -5.30416903e+00  4.04993310e-07 
 1.04000000 -0.19779524   6.67764874e-01  1.58824365e-05 -2.01483427e+00  1.36565450e-07  9.22494159e-03 -6.53398879e-07 -3.10844665e-03 -9.74856582e-09  1.76429609e+00  4.20634435e-05 -5.32063233e+00  3.63088524e-07 
 1.08000000 -0.20386933   6.81610409e-01  1.49328844e-05 -2.01802841e+00  1.22732835e-07  9.06596136e-03 -6.02975203e-07 -1.07833712e-03 -8.58793093e-09  1.80087807e+00  3.95453052e-05 -5.32904211e+00  3.26232725e-07 
 1.12000000 -0.21002377   6.95212726e-01  1.40559118e-05 -2.01812726e+00  1.10530969e-07  8.90364176e-03 -5.57303506e-07  9.80757095e-04 -7.58472022e-09  1.83681750e+00  3.72199634e-05 -5.32926764e+00  2.93732655e-07 
 1.16000000 -0.21626156   7.08566538e-01  1.32447456e-05 -2.01508131e+00  9.97408382e-08  8.73797948e-03 -5.15854831e-07  3.07163125e-03 -6.71501696e-09  1.87210010e+00  3.50693897e-05 -5.32117148e+00  2.65001700e-07 
 1.20000000 -0.22258356   7.21666535e-01  1.24933588e-05 -2.00883710e+00  9.01763772e-08  8.56891226e-03 -4.78168029e-07  5.19824696e-03 -5.95891894e-09  1.90671141e+00  3.30775474e-05 -5.30460768e+00  2.39541763e-07 
 1.24000000 -0.22898912   7.34507341e-01  1.17963767e-05 -1.99933628e+00  8.16789891e-08  8.39628793e-03 -4.43839950e-07  7.36542039e-03 -5.29980229e-09  1.94063672e+00  3.12301380e-05 -5.27941986e+00  2.16928502e-07 
 1.28000000 -0.23547763   7.47083442e-01  1.11489946e-05 -1.98651486e+00  7.41130665e-08  8.21985314e-03 -4.12517200e-07  9.57851180e-03 -4.72373146e-09  1.97386111e+00  2.95143840e-05 -5.24543943e+00  1.96799260e-07 
 1.32000000 -0.24204952   7.59389092e-01  1.05469092e-05 -1.97030235e+00  6.73623078e-08  8.03929813e-03 -3.83889207e-07  1.18429820e-02 -4.21898408e-09  2.00636949e+00  2.79188428e-05 -5.20248400e+00  1.78843151e-07 
 1.36000000 -0.24870729   7.71418266e-01  9.98625744e-06 -1.95062115e+00  6.13266799e-08  7.85437382e-03 -3.57682361e-07  1.41637771e-02 -3.77566682e-09  2.03814674e+00  2.64332460e-05 -5.15035574e+00  1.62792889e-07 
 1.40000000 -0.25545691   7.83164732e-01  9.46356526e-06 -1.92738648e+00  5.59199022e-08  7.66504729e-03 -3.33655044e-07  1.65448117e-02 -3.38540338e-09  2.06917781e+00  2.50483602e-05 -5.08883901e+00  1.48418031e-07 
 1.44000000 -0.26230887   7.94622264e-01  8.97570222e-06 -1.90050662e+00  5.10673569e-08  7.47160565e-03 -3.11593405e-07  1.89890725e-02 -3.04108015e-09  2.09944771e+00  2.37558674e-05 -5.01769675e+00  1.35519355e-07 
 1.48000000 -0.26927697   8.05784946e-01  8.51984242e-06 -1.86988292e+00  4.67043457e-08  7.27460518e-03 -2.91307753e-07  2.14997545e-02 -2.73663811e-09  2.12894146e+00  2.25482602e-05 -4.93666569e+00  1.23924189e-07 
 1.52000000 -0.27637403   8.16647386e-01  8.09343038e-06 -1.83540835e+00  4.27746322e-08  7.07462824e-03 -2.72629474e-07  2.40822699e-02 -2.46690181e-09  2.15764388e+00  2.14187509e-05 -4.84545072e+00  1.13482494e-07 
 1.56000000 -0.28360724   8.27204673e-01  7.69415124e-06 -1.79696408e+00  3.92292180e-08  6.87194203e-03 -2.55408388e-07  2.67462547e-02 -2.22743849e-09  2.18553961e+00  2.03611918e-05 -4.74371920e+00  1.04063584e-07 
 1.60000000 -0.29097707   8.37452026e-01  7.31990472e-06 -1.75441416e+00  3.60253125e-08  6.66626977e-03 -2.39510466e-07  2.95064110e-02 -2.01444146e-09  2.21261328e+00  1.93700062e-05 -4.63109513e+00  9.55533664e-08 
 1.64000000 -0.29848044   8.47384319e-01  6.96878215e-06 -1.70759975e+00  3.31254633e-08  6.45688281e-03 -2.24815873e-07  3.23815779e-02 -1.82463339e-09  2.23885004e+00  1.84401267e-05 -4.50715196e+00  8.78520104e-08 
 1.68000000 -0.30611633   8.56995810e-01  6.63904641e-06 -1.65633439e+00  3.04968196e-08  6.24305466e-03 -2.11217266e-07  3.53926541e-02 -1.65518576e-09  2.26423606e+00  1.75669422e-05 -4.37140228e+00  8.08719751e-08 
 1.72000000 -0.31389194   8.66280394e-01  6.32911415e-06 -1.60040060e+00  2.81105073e-08  6.02466556e-03 -1.98618325e-07  3.85610893e-02 -1.50365165e-09  2.28875903e+00  1.67462503e-05 -4.22328244e+00  7.45363366e-08 
 1.76000000 -0.32182674   8.75232413e-01  6.03754012e-06 -1.53954662e+00  2.59410961e-08  5.80258945e-03 -1.86932472e-07  4.19097211e-02 -1.36790935e-09  2.31240830e+00  1.59742158e-05 -4.06213153e+00  6.87773630e-08 
 1.80000000 -0.32994934   8.83847696e-01  5.76300333e-06 -1.47348040e+00  2.39661455e-08  5.57858535e-03 -1.76081757e-07  4.54665550e-02 -1.24611512e-09  2.33517512e+00  1.52473335e-05 -3.88716462e+00  6.35353000e-08 
 1.84000000 -0.33828560   8.92124343e-01  5.50429474e-06 -1.40185788e+00  2.21658161e-08  5.35473968e-03 -1.65995891e-07  4.92705525e-02 -1.13666331e-09  2.35705330e+00  1.45623958e-05 -3.69743925e+00  5.87573310e-08 
 1.88000000 -0.34685085   9.00062972e-01  5.26030636e-06 -1.32426362e+00  2.05225360e-08  5.13285740e-03 -1.56611388e-07  5.33779520e-02 -1.03815268e-09  2.37804078e+00  1.39164632e-05 -3.49180957e+00  5.43966863e-08 
 1.92000000 -0.35566027   9.07666631e-01  5.03002150e-06 -1.24018212e+00  1.90207141e-08  4.91432783e-03 -1.47870829e-07  5.78685413e-02 -9.49357999e-10  2.39814228e+00  1.33068392e-05 -3.26885782e+00  5.04118770e-08 
 1.96000000 -0.36473063   9.14941064e-01  4.81250613e-06 -1.14895857e+00  1.76464932e-08  4.70078788e-03 -1.39722200e-07  6.28534919e-02 -8.69205766e-10  2.41737337e+00  1.27310465e-05 -3.02678860e+00  4.67660358e-08 
 2.00000000 -0.37406725   9.21896233e-01  4.60690119e-06 -1.04974314e+00  1.63875368e-08  4.49550537e-03 -1.32118322e-07  6.84903148e-02 -7.96753689e-10  2.43576616e+00  1.21868068e-05 -2.76326066e+00  4.34263469e-08 
 2.04000000 -0.38370669   9.28549763e-01  4.41241558e-06 -9.41401205e-01  1.52328444e-08  4.30514508e-03 -1.25016340e-07  7.50149665e-02 -7.31173117e-10  2.45337802e+00  1.16720225e-05 -2.47510202e+00  4.03635541e-08 
 2.08000000 -0.39370270   9.34932820e-01  4.22832006e-06 -8.22354676e-01  1.41725915e-08  4.14167334e-03 -1.18377277e-07  8.28079956e-02 -6.71734038e-10  2.47030540e+00  1.11847600e-05 -2.15780082e+00  3.75515330e-08 
 2.12000000 -0.40414073   9.41098948e-01  4.05394166e-06 -6.90284567e-01  1.31979905e-08  4.02422143e-03 -1.12165638e-07  9.25285577e-02 -6.17792228e-10  2.48670474e+00  1.07232351e-05 -1.80455869e+00  3.49669207e-08 
 2.16000000 -0.41513577   9.47135662e-01  3.88865866e-06 -5.41558014e-01  1.23011698e-08  3.97879013e-03 -1.06349056e-07  1.05351604e-01 -5.68778210e-10  2.50281265e+00  1.02857997e-05 -1.40463709e+00  3.25887924e-08 
 2.20000000 -0.42686393   9.53170645e-01  3.73189613e-06 -3.70246364e-01  1.14750678e-08  4.02163749e-03 -1.00897984e-07  1.23061648e-01 -5.24187766e-10  2.51890563e+00  9.87092984e-06 -9.41862818e-01  3.03983802e-08 
 2.24000000 -0.43961808   9.59322600e-01  3.58312188e-06 -1.67673059e-01  1.07133413e-08  4.07624679e-03 -9.57854148e-08  1.45961359e-01 -4.83573743e-10  2.53499727e+00  9.47721482e-06 -4.00774245e-01  2.83788270e-08 
 2.28000000 -0.45422885   9.65444039e-01  3.44184280e-06  7.10275262e-02  1.00102840e-08  3.80771869e-03 -9.09866350e-08  1.64784701e-01 -4.46538989e-10  2.55015417e+00  9.10334777e-06  2.06708823e-01  2.65149716e-08 
 2.32000000 -0.47132784   9.70661860e-01  3.30760155e-06  3.25776529e-01  9.36075643e-09  2.77367672e-03 -8.64790057e-08  1.61471796e-01 -4.12730224e-10  2.56240533e+00  8.74811671e-06  8.30279765e-01  2.47931593e-08 
 2.36000000 -0.48610286   9.73674687e-01  3.17997363e-06  5.54603011e-01  8.76012307e-09  1.07834260e-03 -8.22417655e-08  1.36641115e-01 -3.81832742e-10  2.56968747e+00  8.41039664e-06  1.41367906e+00  2.32010770e-08 
 2.40000000 -0.49912603   9.73904256e-01  3.05856457e-06  7.39136733e-01  8.20419808e-09 -7.08731131e-04 -7.82558541e-08  1.09000661e-01 -3.53565793e-10  2.57056138e+00  8.08914239e-06  1.90936243e+00  2.17276071e-08 
 2.44000000 -0.51125409   9.71581780e-01  2.94300761e-06  8.86179245e-01  7.68919688e-09 -2.24881313e-03 -7.45037556e-08  8.76849695e-02 -3.27678575e-10  2.56494139e+00  7.78338211e-06  2.30972939e+00  2.03626989e-08 
 2.48000000 -0.52278772   9.67153703e-01  2.83296136e-06  1.00587684e+00  7.21169366e-09 -3.50931800e-03 -7.09693567e-08  7.20814642e-02 -3.03946737e-10  2.55368746e+00  7.49221134e-06  2.63417762e+00  1.90972556e-08 
 2.52000000 -0.53387837   9.61003780e-01  2.72810784e-06  1.10520676e+00  6.76858377e-09 -4.54866792e-03 -6.76378199e-08  6.01778748e-02 -2.82169319e-10  2.53777380e+00  7.21478767e-06  2.90181823e+00  1.79230341e-08 
 2.56000000 -0.54463350   9.53419450e-01  2.62815063e-06  1.18857830e+00  6.35705037e-09 -5.42346840e-03 -6.44954697e-08  5.06533859e-02 -2.62166091e-10  2.51798506e+00  6.95032580e-06  3.12554858e+00  1.68325564e-08 
 2.60000000 -0.55510485   9.44614521e-01  2.53281316e-06  1.25891186e+00  5.97453495e-09 -6.17441004e-03 -6.15296895e-08  4.27518270e-02 -2.43775201e-10  2.49491177e+00  6.69809315e-06  3.31381990e+00  1.58190308e-08 
 2.64000000 -0.56534320   9.34751971e-01  2.44183723e-06  1.31826740e+00  5.61871113e-09 -6.82958211e-03 -5.87288295e-08  3.60248866e-02 -2.26851131e-10  2.46900218e+00  6.45740575e-06  3.47246394e+00  1.48762827e-08 
 2.68000000 -0.57538751   9.23959628e-01  2.35498157e-06  1.36817597e+00  5.28746136e-09 -7.40869943e-03 -5.60821224e-08  3.01887930e-02 -2.11262888e-10  2.44060564e+00  6.22762454e-06  3.60573930e+00  1.39986920e-08 
 2.72000000 -0.58525535   9.12340384e-01  2.27202057e-06  1.40982232e+00  4.97885619e-09 -7.92598512e-03 -5.35796084e-08  2.50527165e-02 -1.96892420e-10  2.41000186e+00  6.00815201e-06  3.71690087e+00  1.31811386e-08 
 2.76000000 -0.59495889   8.99978932e-01  2.19274314e-06  1.44415201e+00  4.69113576e-09 -8.39197883e-03 -5.12120668e-08  2.04817556e-02 -1.83633212e-10  2.37742012e+00  5.79842908e-06  3.80852455e+00  1.24189526e-08 
 2.80000000 -0.60451293   8.86946303e-01  2.11695161e-06  1.47193776e+00  4.42269336e-09 -8.81467897e-03 -4.89709538e-08  1.63767156e-02 -1.71389053e-10  2.34305204e+00  5.59793225e-06  3.88270326e+00  1.17078711e-08 
 2.84000000 -0.61393322   8.73303012e-01  2.04446076e-06  1.49382288e+00  4.17206066e-09 -9.20028570e-03 -4.68483466e-08  1.26624200e-02 -1.60072946e-10  2.30706036e+00  5.40617102e-06  3.94117213e+00  1.10439986e-08 
 2.88000000 -0.62323384   8.59101304e-01  1.97509691e-06  1.51035105e+00  3.93789454e-09 -9.55370052e-03 -4.48368925e-08  9.28050513e-03 -1.49606139e-10  2.26958524e+00  5.22268547e-06  3.98539298e+00  1.04237720e-08 
 2.92000000 -0.63242649   8.44386794e-01  1.90869711e-06  1.52198762e+00  3.71896528e-09 -9.87886994e-03 -4.29297626e-08  6.18472615e-03 -1.39917273e-10  2.23074872e+00  5.04704413e-06  4.01661400e+00  9.84392937e-09 
 2.96000000 -0.64152080   8.29199697e-01  1.84510837e-06  1.52913531e+00  3.51414596e-09 -1.01790246e-02 -4.11206093e-08  3.33778799e-03 -1.30941619e-10  2.19065822e+00  4.87884190e-06  4.03591329e+00  9.30148166e-09 
 3.00000000 -0.65052498   8.13575770e-01  1.78418696e-06  1.53214594e+00  3.32240296e-09 -1.04568468e-02 -3.94035287e-08  7.09158063e-04 -1.22620405e-10  2.14940909e+00  4.71769823e-06  4.04423118e+00  8.79368754e-09 
 3.04000000 -0.65944620   7.97547044e-01  1.72579778e-06  1.53132943e+00  3.14278744e-09 -1.07145897e-02 -3.77730249e-08 -1.72647554e-03 -1.14900213e-10  2.10708665e+00  4.56325538e-06  4.04239496e+00  8.31803066e-09 
 3.08000000 -0.66829090   7.81142403e-01  1.66981375e-06  1.52696080e+00  2.97442761e-09 -1.09541637e-02 -3.62239788e-08 -3.99031582e-03 -1.07732450e-10  2.06376776e+00  4.41517692e-06  4.03113793e+00  7.87219923e-09 
 3.12000000 -0.67706508   7.64388057e-01  1.61611526e-06  1.51928570e+00  2.81652185e-09 -1.11772007e-02 -3.47516182e-08 -6.10027814e-03 -1.01072867e-10  2.01952211e+00  4.27314620e-06  4.01111450e+00  7.45406763e-09 
 3.16000000 -0.68577445   7.47307918e-01  1.56458969e-06  1.50852488e+00  2.66833244e-09 -1.13851034e-02 -3.33514922e-08 -8.07161105e-03 -9.48811334e-11  1.97441327e+00  4.13686505e-06  3.98291224e+00  7.06167982e-09 
 3.20000000 -0.69442457   7.29923920e-01  1.51513090e-06  1.49487779e+00  2.52917992e-09 -1.15790846e-02 -3.20194461e-08 -9.91737591e-03 -8.91204597e-11  1.92849949e+00  4.00605253e-06  3.94706173e+00  6.69323438e-09 
 3.24000000 -0.70302087   7.12256280e-01  1.46763886e-06  1.47852559e+00  2.39843802e-09 -1.17601987e-02 -3.07515992e-08 -1.16488242e-02 -8.37572551e-11  1.88183446e+00  3.88044380e-06  3.90404461e+00  6.34707100e-09 
 3.28000000 -0.71156832   6.94323718e-01  1.42201920e-06  1.45963365e+00  2.27552907e-09 -1.19293673e-02 -2.95443248e-08 -1.32756968e-02 -7.87608237e-11  1.83446786e+00  3.75978907e-06  3.85430027e+00  6.02165826e-09 
 3.32000000 -0.72007065   6.76143656e-01  1.37818286e-06  1.43835365e+00  2.15991978e-09 -1.20873996e-02 -2.83942312e-08 -1.48064591e-02 -7.41030911e-11  1.78644592e+00  3.64385257e-06  3.79823158e+00  5.71558254e-09 
 3.36000000 -0.72852948   6.57732383e-01  1.33604573e-06  1.41482543e+00  2.05111750e-09 -1.22350070e-02 -2.72981444e-08 -1.62484788e-02 -6.97583593e-11  1.73781185e+00  3.53241172e-06  3.73620977e+00  5.42753803e-09 
 3.40000000 -0.73694422   6.39105209e-01  1.29552836e-06  1.38917854e+00  1.94866683e-09 -1.23728124e-02 -2.62530927e-08 -1.76081575e-02 -6.57030864e-11  1.68860624e+00  3.42525622e-06  3.66857869e+00  5.15631761e-09 
 3.44000000 -0.74531463   6.20276583e-01  1.25655567e-06  1.36153356e+00  1.85214642e-09 -1.25013592e-02 -2.52562917e-08 -1.88910433e-02 -6.19156886e-11  1.63886738e+00  3.32218731e-06  3.59565827e+00  4.90080463e-09 
 3.48000000 -0.75364571   6.01260183e-01  1.21905664e-06  1.33200311e+00  1.76116624e-09 -1.26211216e-02 -2.43051315e-08 -2.01019550e-02 -5.83763618e-11  1.58863154e+00  3.22301702e-06  3.51774730e+00  4.65996537e-09 
 3.52000000 -0.76194987   5.82068983e-01  1.18296406e-06  1.30069265e+00  1.67536494e-09 -1.27325172e-02 -2.33971637e-08 -2.12451205e-02 -5.50669209e-11  1.53793308e+00  3.12756752e-06  3.43512548e+00  4.43284227e-09 
 3.56000000 -0.77023941   5.62715324e-01  1.14821434e-06  1.26770127e+00  1.59440758e-09 -1.28359146e-02 -2.25300908e-08 -2.23242726e-02 -5.19706549e-11  1.48680471e+00  3.03567048e-06  3.34805560e+00  4.21854771e-09 
 3.60000000 -0.77851264   5.43211016e-01  1.11474724e-06  1.23312273e+00  1.51798344e-09 -1.29316347e-02 -2.17017554e-08 -2.33426724e-02 -4.90721962e-11  1.43527771e+00  2.94716649e-06  3.25678630e+00  4.01625835e-09 
 3.64000000 -0.78675575   5.23567456e-01  1.08250570e-06  1.19704659e+00  1.44580411e-09 -1.30199552e-02 -2.09101305e-08 -2.43031404e-02 -4.63574021e-11  1.38338228e+00  2.86190452e-06  3.16155505e+00  3.82520999e-09 
 3.68000000 -0.79496980   5.03795671e-01  1.05143561e-06  1.15955885e+00  1.37760171e-09 -1.31011227e-02 -2.01533108e-08 -2.52081414e-02 -4.38132480e-11  1.33114762e+00  2.77974141e-06  3.06258973e+00  3.64469289e-09 
 3.72000000 -0.80317144   4.83906329e-01  1.02148568e-06  1.12074214e+00  1.31312730e-09 -1.31753497e-02 -1.94295042e-08 -2.60597670e-02 -4.14277306e-11  1.27860198e+00  2.70054142e-06  2.96010929e+00  3.47404745e-09 
 3.76000000 -0.81135678   4.63909803e-01  9.92607245e-07  1.08067609e+00  1.25214936e-09 -1.32428035e-02 -1.87370246e-08 -2.68596694e-02 -3.91897805e-11  1.22577283e+00  2.62417575e-06  2.85432481e+00  3.31266031e-09 
 3.80000000 -0.81952624   4.43816234e-01  9.64754102e-07  1.03943788e+00  1.19445246e-09 -1.33036210e-02 -1.80742843e-08 -2.76092219e-02 -3.70891819e-11  1.17268702e+00  2.55052216e-06  2.74544061e+00  3.15996075e-09 
 3.84000000 -0.82770212   4.23635567e-01  9.37882394e-07  9.97102519e-01  1.13983603e-09 -1.33579145e-02 -1.74397882e-08 -2.83095452e-02 -3.51165015e-11  1.11937089e+00  2.47946459e-06  2.63365552e+00  3.01541744e-09 
 3.88000000 -0.83586220   4.03377608e-01  9.11950455e-07  9.53743801e-01  1.08811323e-09 -1.34057554e-02 -1.68321271e-08 -2.89613538e-02 -3.32630219e-11  1.06585041e+00  2.41089281e-06  2.51916508e+00  2.87853541e-09 
 3.92000000 -0.84401198   3.83052091e-01  8.86918693e-07  9.09434878e-01  1.03910987e-09 -1.34471859e-02 -1.62499724e-08 -2.95651694e-02 -3.15206830e-11  1.01215136e+00  2.34470203e-06  2.40216297e+00  2.74885330e-09 
 3.96000000 -0.85216388   3.62668703e-01  8.62749464e-07  8.64248130e-01  9.92663534e-10 -1.34822157e-02 -1.56920709e-08 -3.01213223e-02 -2.98820271e-11  9.58299413e-01  2.28079267e-06  2.28284099e+00  2.62594084e-09 
 4.00000000 -0.86032245   3.42237146e-01  8.39406971e-07  8.18255566e-01  9.48622632e-10 -1.35108093e-02 -1.51572400e-08 -3.06297615e-02 -2.83401497e-11  9.04320279e-01  2.21906999e-06  2.16139000e+00  2.50939655e-09 
